129 23
129 170
129 188
129 376
129 383
129 645
129 871
129 915
129 983
129 996
129 1060
129 1079
129 1107
129 1141
129 1210
129 1215
129 1300
129 1344
129 1467
129 1481
129 1648
129 1697
129 2036
129 2133
129 2202
129 2215
129 2253
129 2272
129 2491
129 2528
129 2694
129 3015
129 3100
129 3112
129 3189
129 3199
129 3217
129 3242
129 3286
129 3287
129 3315
129 3446
129 3475
129 3496
129 3501
129 3536
129 3562
129 3599
129 3625
129 3671
129 3794
129 3972
129 4303
129 4347
129 4420
129 4481
129 4541
129 4542
129 4591
129 4751
129 4810
129 4854
129 4957
129 5143
129 5205
129 5302
129 5475
129 5562
129 5596
129 5940
129 5954
129 5996
129 6005
129 6074
129 6098
129 6114
129 6283
129 6363
129 6449
129 6659
129 6940
129 7122
129 7228
129 7235
129 7427
129 7450
129 7587
129 7649
129 7776
129 7794
129 7917
129 7974
129 8055
129 8074
129 8120
129 8331
129 8348
129 8549
129 8722
129 8788
129 8800
129 8814
129 8861
129 8935
129 8960
129 8986
129 9001
129 9006
129 9143
129 9233
129 9250
129 9257
129 9525
129 9659
129 9702
129 9722
129 9922
129 10018
129 10088
129 10204
129 10257
129 10300
129 10328
129 10401
129 10471
129 10538
129 10570
129 10783
129 10949
129 10959
129 11009
129 11111
129 11136
129 11240
129 11261
129 11376
129 11475
129 11558
129 11605
129 11616
129 11684
129 11731
129 11906
129 11913
129 12172
129 12308
129 12480
129 12505
129 12580
129 12826
129 12837
129 13118
129 13153
129 13246
129 13270
129 13272
129 13403
129 13433
129 13536
129 13732
129 13745
129 13751
129 13760
129 13942
129 14103
129 14116
129 14243
129 14452
129 14459
129 14468
129 14605
129 14625
129 14681
129 14688
129 14769
129 14822
129 14933
129 14982
129 14995
129 15118
129 15306
129 15569
129 15613
129 15639
129 15874
129 15962
129 15967
129 16006
129 16104
129 16305
129 16367
129 16439
129 16486
129 16508
129 16814
129 17058
129 17062
129 17166
129 17193
129 17315
129 17643
129 17653
129 17659
129 17826
129 17880
129 18035
129 18127
129 18299
129 18307
129 18426
129 18526
129 18528
129 18602
129 18849
129 18887
129 18927
129 18961
129 18965
129 18974
129 18994
129 19085
129 19270
129 19303
129 19340
129 19487
129 19665
129 19761
129 19887
129 19989
129 20008
129 20035
129 20303
129 20338
129 20358
129 20432
129 20624
129 20672
129 20701
129 20754
129 20775
129 20872
129 21032
129 21191
129 21320
129 21518
129 21581
129 21855
129 21997
129 22429
129 22554
129 22560
129 22874
129 23028
129 23146
129 23184
129 23210
129 23354
129 23474
129 23491
129 23677
129 23700
129 23797
129 23805
129 23903
129 23909
129 24002
129 24070
129 24177
129 24234
129 24259
129 24320
129 24434
129 24473
129 24479
129 24638
129 24666
129 24707
129 24742
129 24749
129 24870
129 24890
129 24924
129 25005
129 25166
129 25231
129 25288
129 25381
129 25424
129 25527
129 25563
129 25678
129 25856
129 25919
129 26006
129 26046
129 26077
129 26112
129 26117
129 26172
129 26503
129 26649
129 26896
129 26907
129 26925
129 27017
129 27261
129 27330
129 27331
129 27427
129 27448
129 27477
129 27752
129 27832
129 28051
129 28112
129 28167
129 28177
129 28196
129 28252
129 28342
129 28412
129 28496
129 28600
129 28662
129 28832
129 28838
129 28944
129 28998
129 29142
129 29168
129 29223
129 29427
129 29438
129 29498
129 29515
129 29581
129 29717
129 29771
129 29835
129 29922
129 29980
129 30168
129 30169
129 30428
129 30698
129 31323
129 31394
129 31483
129 31519
129 31586
129 31753
129 31810
129 31986
129 32062
129 32163
129 32169
129 32316
129 32397
129 32456
129 32470
129 32540
129 32549
129 32595
129 32700
129 32744
129 32745
129 32761
129 32943
129 32959
129 32966
129 33011
129 33041
129 33092
129 33172
129 33176
129 33209
129 33250
129 33298
129 33300
129 33315
129 33365
129 33381
129 33386
129 33434
129 33649
129 33656
129 33752
129 33830
129 33843
129 33873
129 34190
129 34255
129 34355
129 34382
129 34413
129 34771
129 34912
129 34942
129 35062
129 35131
129 35257
129 35343
129 35398
129 35400
129 35533
129 35708
129 35845
129 35906
129 36067
129 36164
129 36180
129 36201
129 36268
129 36456
129 36586
129 36611
129 36640
129 37131
129 37347
129 37402
129 37509
129 37551
129 37556
129 37582
129 37611
129 37749
129 37772
129 37843
129 37859
129 38052
129 38190
129 38210
129 38222
129 38334
129 38342
129 38658
129 38744
129 38859
129 39051
129 39125
129 39200
129 39583
129 39673
129 39749
129 39783
129 39814
129 39979
129 40085
129 40415
129 40417
129 40548
129 40612
129 40718
129 40816
129 40913
129 40930
129 41031
129 41042
129 41130
129 41193
129 41282
129 41632
129 41880
129 41928
129 42020
129 42275
129 42407
129 42492
129 42607
129 42640
129 42840
129 42874
129 42894
129 42903
129 42911
129 42968
129 43069
129 43205
129 43302
129 43443
129 43690
129 43782
129 43918
129 44014
129 44056
129 44108
129 44112
129 44137
129 44153
129 44190
129 44422
129 44426
129 44624
129 44738
129 44938
129 45007
129 45129
129 45153
129 45177
129 45530
129 45565
129 45599
129 45638
129 45801
129 45812
129 45870
129 45922
129 46162
129 46186
129 46215
129 46299
129 46412
129 46421
129 46459
129 46593
129 46635
129 46665
129 46688
129 46848
129 46887
129 46891
129 47167
129 47224
129 47251
129 47351
129 47400
129 47405
129 47414
129 47442
129 47468
129 47498
129 47535
129 47552
129 47707
129 47724
129 48080
129 48204
129 48208
129 48277
129 48391
129 48476
129 48619
129 48641
129 48912
129 49099
129 49181
129 49279
129 49400
129 49414
129 49454
129 49480
129 49546
129 49648
129 49665
129 49676
129 49724
129 49827
129 49907
129 49930
129 50050
129 50106
129 50230
129 50255
129 50355
129 50759
129 50899
129 51015
129 51023
129 51048
129 51183
129 51235
129 51250
129 51280
129 51504
129 51626
129 51681
129 51881
129 52116
129 52190
129 52240
129 52257
129 52451
129 52609
129 52803
129 53116
129 53145
129 53197
129 53357
129 53385
129 53416
129 53619
129 53669
129 53823
129 53919
129 53963
129 54031
129 54051
129 54121
129 54442
129 54451
129 54560
129 54744
129 54819
129 54847
129 54923
129 54987
129 55106
129 55136
129 55295
129 55450
129 55509
129 55605
129 55672
129 55782
129 55819
129 55860
129 55881
129 55907
129 56128
129 56178
129 56220
129 56263
129 56711
129 56810
129 56846
129 56920
129 56924
129 57031
129 57174
129 57188
129 57409
129 57456
129 57581
129 57629
129 57642
129 57747
129 57787
129 57795
129 57828
129 57875
129 57933
129 58008
129 58036
129 58054
129 58099
129 58144
129 58195
129 58222
129 58230
129 58299
129 58318
129 58499
129 58502
129 58682
129 58702
129 58706
129 58774
129 59094
129 59132
129 59171
129 59222
129 59307
129 59414
129 59439
129 59476
129 59522
129 59531
129 59730
129 59759
129 59763
129 59878
129 59892
129 59931
129 60042
129 60108
129 60155
129 60316
129 60589
129 60656
129 60881
129 60945
129 61091
129 61098
129 61147
129 61269
129 61417
129 61462
129 61478
129 61480
129 61682
129 61871
129 61872
129 61908
129 61956
129 61976
129 62036
129 62067
129 62132
129 62182
129 62325
129 62407
129 62414
129 62457
129 62503
129 62675
129 62916
129 62923
129 62954
129 63075
129 63150
129 63235
129 63294
129 63344
129 63382
129 63560
129 63622
129 63761
129 63815
129 63926
129 63950
129 64082
129 64194
129 64274
129 64318
129 64388
129 64500
129 64523
129 64644
129 64735
129 65033
129 65069
129 65206
129 65321
129 65607
129 65622
129 65665
129 65671
129 65690
129 65800
129 65809
129 65813
129 65863
129 65907
129 65910
129 66001
129 66415
129 66752
129 66945
129 66973
129 66980
129 67223
129 67294
129 67297
129 67303
129 67356
129 67455
129 67594
129 67706
129 67765
129 67776
129 67864
129 67914
129 67955
129 68100
129 68174
129 68188
129 68197
129 68217
129 68415
129 68699
129 68742
129 68838
129 68847
129 69012
129 69018
129 69105
129 69151
129 69183
129 69341
129 69369
129 69391
129 69510
129 69538
129 69553
129 69790
129 69862
129 69942
129 69984
129 70033
129 70154
129 70164
129 70359
129 70371
129 70409
129 70571
129 70636
129 70793
129 70820
129 70839
129 70850
129 71304
129 71339
129 71750
129 71786
129 71822
129 72000
129 72051
129 72259
129 72277
129 72382
129 72470
129 72668
129 73121
129 73147
129 73158
129 73272
129 73285
129 73749
129 73806
129 73853
129 73867
129 74119
129 74182
129 74203
129 74362
129 74374
129 74585
129 74923
129 74938
129 75024
129 75143
129 75152
129 75250
129 75284
129 75356
129 75545
129 75924
129 76014
129 76066
129 76084
129 76199
129 76224
129 76278
129 76444
129 76502
129 76611
129 76675
129 76744
129 76860
129 76982
129 77218
129 77235
129 77253
129 77254
129 77374
129 77380
129 77400
129 77594
129 77652
129 77730
129 77784
129 77788
129 77898
129 77913
129 78179
129 78207
129 78322
129 78525
129 78581
129 78656
129 78714
129 78786
129 78843
129 78970
129 79183
129 79243
129 79264
129 79521
129 79530
129 79582
129 79651
129 79652
129 79749
129 79868
129 79999
129 80174
129 80178
129 80282
129 80405
129 80481
129 80500
129 80676
129 80962
129 81281
129 81369
129 81394
129 81730
129 81874
129 82101
129 82120
129 82514
129 82531
129 82543
129 82634
129 82723
129 82730
129 82925
129 82997
129 83116
129 83267
129 83384
129 83508
129 83521
129 83522
129 83740
129 83841
129 83844
129 83847
129 83859
129 83925
129 83972
129 83990
129 84043
129 84079
129 84121
129 84170
129 84190
129 84333
129 84548
129 84626
129 84793
129 84832
129 84934
129 84964
129 85029
129 85137
129 85359
129 85376
129 85467
129 85494
129 85599
129 85791
129 85859
129 85871
129 85920
129 86095
129 86128
129 86377
129 86392
129 86612
129 86887
129 86935
129 87055
129 87135
129 87168
129 87177
129 87324
129 87357
129 87378
129 87418
129 87633
129 87728
129 87748
129 88113
129 88189
129 88214
129 88305
129 88313
129 88421
129 88803
129 88959
129 88991
129 89107
129 89339
129 89502
129 89568
129 89611
129 89628
129 89706
129 89857
129 90108
129 90192
129 90205
129 90218
129 90341
129 90397
129 90407
129 90462
129 90663
129 90928
129 91033
129 91190
129 91265
129 91273
129 91280
129 91283
129 91360
129 91474
129 91483
129 91517
129 91569
129 91715
129 91866
129 91897
129 92054
129 92182
129 92372
129 92737
129 92771
129 92898
129 93288
129 93349
129 93368
129 93399
129 93479
129 93555
129 93613
129 93656
129 93982
129 94203
129 94245
129 94274
129 94275
129 94309
129 94324
129 94401
129 94436
129 94531
129 94644
129 94671
129 94684
129 94712
129 94764
129 94910
129 94937
129 95045
129 95129
129 95323
129 95752
129 95785
129 95868
129 96282
129 96314
129 96343
129 96638
129 96655
129 96775
129 96812
129 96940
129 97044
129 97105
129 97122
129 97162
129 97202
129 97214
129 97246
129 97247
129 97431
129 97467
129 97695
129 97736
129 97807
129 98101
129 98122
129 98142
129 98155
129 98186
129 98355
129 98385
129 98407
129 98559
129 98572
129 98576
129 98590
129 98710
129 98718
129 98856
129 99015
129 99161
129 99180
129 99190
129 99417
129 99436
129 99544
129 99600
129 99610
129 99612
129 99616
129 99751
129 99890
129 99914
129 99935
129 99994
129 100053
129 100098
129 100138
129 100210
129 100360
129 100377
129 100409
129 100422
129 100478
129 100499
129 100522
129 100618
129 100691
129 100752
129 100792
129 100813
129 100836
129 100886
129 100905
129 101014
129 101113
129 101418
129 101617
129 101639
129 101767
129 102363
129 102516
129 102642
129 102754
129 102865
129 102915
129 102966
129 103061
129 103062
129 103142
129 103160
129 103204
129 103320
129 103355
129 103394
129 103492
129 103508
129 103975
129 103976
129 104067
129 104148
129 104159
129 104168
129 104684
129 104707
129 104997
129 105052
129 105057
129 105072
129 105157
129 105236
129 105386
129 105396
129 105468
129 105585
129 105641
129 105717
129 105734
129 105796
129 105836
129 105845
129 106003
129 106008
129 106314
129 106483
129 106544
129 106657
129 106688
129 106868
129 107129
129 107165
129 107189
129 107454
129 107537
129 107637
129 107665
129 107706
129 107734
129 107790
129 108313
129 108354
129 108632
129 108831
129 108865
129 109017
129 109093
129 109189
129 109375
129 109530
129 109591
129 109647
129 109727
129 109940
129 109968
129 110083
129 110100
129 110126
129 110232
129 110439
129 110694
129 110779
129 110796
129 110827
129 110853
129 110857
129 110881
129 111177
129 111231
129 111279
129 111290
129 111511
129 111980
129 112021
129 112146
129 112215
129 112226
129 112301
129 112387
129 112682
129 112818
129 112851
129 112858
129 112860
129 113042
129 113050
129 113053
129 113107
129 113172
129 113179
129 113291
129 113491
129 113539
129 113784
129 113865
129 113890
129 113942
129 113970
129 114059
129 114425
129 114446
129 114539
129 114634
129 114649
129 114708
129 114714
129 114901
129 114938
129 115000
129 115336
129 115483
129 115513
129 115566
129 115641
129 115650
129 115685
129 116067
129 116194
129 116316
129 116489
129 116640
129 116774
129 117070
129 117073
129 117206
129 117248
129 117356
129 117419
129 117464
129 117517
129 117520
129 117634
129 117657
129 117723
129 117949
129 117976
129 118065
129 118073
129 118104
129 118122
129 118175
129 118229
129 118238
129 118292
129 118383
129 118453
129 118616
129 118633
129 118679
129 118799
129 118892
129 119019
129 119073
129 119108
129 119130
129 119164
129 119190
129 119303
129 119314
129 119403
129 119458
129 119478
129 119574
129 119745
129 119788
129 119793
129 119810
129 119968
129 120100
129 120119
129 120152
129 120160
129 120232
129 120238
129 120257
129 120302
129 120355
129 120602
129 120607
129 120617
129 120658
129 120704
129 120754
129 120784
129 120846
129 120918
129 121148
129 121350
129 121384
129 121422
129 121899
129 122059
129 122066
129 122156
129 122168
129 122274
129 122287
129 122295
129 122302
129 122335
129 122348
129 122368
129 122462
129 122466
129 122553
129 122603
129 123045
129 123059
129 123224
129 123259
129 123282
129 123489
129 123590
129 123626
129 123874
129 123972
129 124041
129 124117
129 124142
129 124221
129 124324
129 124372
129 124428
129 124483
129 124581
129 124617
129 124675
129 124768
129 124918
129 124969
129 125141
129 125165
129 125179
129 125250
129 125257
129 125439
129 125506
129 125533
129 125584
129 125702
129 125757
129 125823
129 125953
129 126162
129 126472
129 126561
129 126580
129 126625
129 126940
129 126944
129 126969
129 127043
129 127284
129 127300
129 127382
129 127591
129 127618
129 127810
129 127877
129 127906
129 127927
129 127948
129 128106
129 128246
129 128349
129 128399
129 128583
129 128761
129 128766
129 128834
129 128852
129 128909
129 129046
129 129120
129 129124
129 129262
129 129380
129 129608
129 129660
129 130005
129 130143
129 130146
129 130154
129 130182
129 130238
129 130355
129 130432
129 130466
129 130552
129 130554
129 130622
129 130710
129 131092
129 131435
129 131454
129 131497
129 131511
129 131536
129 131588
129 131653
129 131735
129 131744
129 131755
129 131913
129 131927
129 132064
129 132072
129 132214
129 132243
129 132323
129 132391
129 132457
129 132470
129 132536
129 132637
129 132888
129 132953
129 133126
129 133150
129 133199
129 133321
129 133495
129 133667
129 133752
129 134128
129 134135
129 134197
129 134575
129 134726
129 134779
129 134893
129 134914
129 135049
129 135067
129 135100
129 135153
129 135253
129 135316
129 135419
129 135718
129 136152
129 136167
129 136253
129 136343
129 136419
129 136603
129 136621
129 136700
129 136778
129 136915
129 137044
129 137126
129 137155
129 137178
129 137289
129 137307
129 137333
129 137426
129 137529
129 137534
129 137535
129 138032
129 138105
129 138174
129 138320
129 138343
129 138368
129 138436
129 138690
129 138783
129 138851
129 138887
129 138947
129 138951
129 139043
129 139075
129 139192
129 139203
129 139260
129 139430
129 139475
129 139690
129 139745
129 139765
129 139833
129 139869
129 140069
129 140087
129 140288
129 140324
129 140464
129 140480
129 140581
129 140854
129 140859
129 140935
129 140968
129 141193
129 141427
129 141535
129 141620
129 141691
129 141719
129 141858
129 141978
129 142060
129 142134
129 142160
129 142230
129 142630
129 142995
129 143008
129 143088
129 143233
129 143246
129 143325
129 143411
129 143465
129 143519
129 143544
129 143700
129 143753
129 143773
129 143910
129 144008
129 144055
129 144062
129 144156
129 144290
129 144393
129 144424
129 144642
129 144774
129 144804
129 145109
129 145280
129 145513
129 145554
129 145645
129 145710
129 145748
129 145757
129 145889
129 145895
129 145900
129 145940
129 146214
129 146293
129 146351
129 146386
129 146566
129 146586
129 146602
129 146605
129 146783
129 146861
129 147007
129 147137
129 147205
129 147218
129 147222
129 147382
129 147527
129 147648
129 147658
129 147827
129 147914
129 148214
129 148402
129 148410
129 148438
129 148648
129 148790
129 148802
129 148881
129 148888
129 148965
129 148967
129 149061
129 149065
129 149161
129 149379
129 149395
129 149470
129 149580
129 149628
129 149837
129 149880
129 149932
129 150057
129 150232
129 150589
129 150603
129 150619
129 150663
129 150688
129 150747
129 150751
129 150753
129 150783
129 151008
129 151046
129 151104
129 151323
129 151366
129 151443
129 151478
129 151598
129 151612
129 151621
129 151635
129 151677
129 151687
129 152119
129 152166
129 152198
129 152367
129 152469
129 152475
129 152572
129 152647
129 152672
129 152689
129 153335
129 153550
129 153620
129 153735
129 153845
129 153893
129 153938
129 153967
129 153975
129 154074
129 154091
129 154213
129 154247
129 154329
129 154384
129 154448
129 154581
129 154661
129 154698
129 154705
129 154974
129 155103
129 155269
129 155297
129 155327
129 155339
129 155367
129 155588
129 155773
129 156034
129 156080
129 156313
129 156324
129 156336
129 156663
129 156768
129 156772
129 156799
129 156839
129 156999
129 157009
129 157033
129 157291
129 157352
129 157451
129 157507
129 157546
129 157688
129 157695
129 157801
129 157851
129 157887
129 157895
129 158026
129 158212
129 158258
129 158303
129 158445
129 158520
129 158541
129 158577
129 158669
129 158707
129 158746
129 158919
129 159037
129 159098
129 159158
129 159196
129 159237
129 159249
129 159348
129 159482
129 159498
129 159527
129 159602
129 159667
129 159720
129 160079
129 160115
129 160136
129 160243
129 160484
129 161276
129 161354
129 161628
129 161700
129 162000
129 162013
129 162033
129 162064
129 162093
129 162139
129 162399
129 162469
129 162486
129 162625
129 162851
129 163008
129 163207
129 163267
129 163506
129 163585
129 163596
129 163680
129 164030
129 164064
129 164098
129 164110
129 164274
129 164379
129 164382
129 164430
129 164464
129 164478
129 164524
129 164553
129 164733
129 164894
129 165022
129 165027
129 165251
129 165310
129 165324
129 165461
129 165689
129 165782
129 165786
129 165795
129 165886
129 165939
129 166031
129 166129
129 166150
129 166178
129 166191
129 166303
129 166368
129 166502
129 166867
129 167000
129 167011
129 167096
129 167128
129 167159
129 167181
129 167280
129 167584
129 167636
129 167657
129 167737
129 167823
129 167939
129 167957
129 167993
129 167995
129 168060
129 168191
129 168439
129 168454
129 168522
129 168645
129 168674
129 168710
129 168725
129 168770
129 168802
129 168933
129 168935
129 169107
129 169131
129 169167
129 169292
129 169302
129 169385
129 169501
129 169576
129 169601
129 169755
129 169862
129 169967
129 169985
129 170185
129 170222
129 170271
129 170618
129 170728
129 170947
129 170983
129 171015
129 171140
129 171227
129 171246
129 171283
129 171465
129 171537
129 171599
129 171813
129 171819
129 171951
129 172103
129 172155
129 172298
129 172335
129 172370
129 172483
129 172565
129 172824
129 172947
129 172965
129 173047
129 173149
129 173231
129 173300
129 173681
129 173720
129 173736
129 173750
129 173770
129 173837
129 173879
129 173912
129 174041
129 174044
129 174211
129 174295
129 174310
129 174374
129 174402
129 174439
129 174533
129 174651
129 174803
129 174997
129 175002
129 175054
129 175293
129 175661
129 175676
129 175729
129 175752
129 175814
129 175892
129 175937
129 176007
129 176159
129 176322
129 176362
129 176378
129 176404
129 176474
129 176476
129 176481
129 176591
129 176699
129 176736
129 176765
129 176788
129 176803
129 176867
129 177024
129 177179
129 177218
129 177361
129 177395
129 177776
129 177821
129 178074
129 178228
129 178296
129 178450
129 178516
129 178621
129 178650
129 178718
129 178800
129 178818
129 178821
129 178965
129 179352
129 179536
129 179575
129 179578
129 179727
129 179798
129 179837
129 179978
129 180016
129 180030
129 180083
129 180092
129 180336
129 180421
129 180532
129 180607
129 180718
129 180793
129 180836
129 180983
129 181215
129 181394
129 181459
129 181528
129 181545
129 181572
129 181587
129 181588
129 181661
129 181784
129 181932
129 181954
129 181995
129 182191
129 182698
129 182794
129 182905
129 182930
129 182957
129 182972
129 183048
129 183092
129 183108
129 183119
129 183244
129 183371
129 183375
129 183731
129 183751
129 183826
129 183865
129 184359
129 184625
129 184691
129 184728
129 184841
129 184875
129 185018
129 185038
129 185075
129 185099
129 185221
129 185231
129 185265
129 185303
129 185375
129 185408
129 185452
129 185526
129 185577
129 186041
129 186146
129 186257
129 186318
129 186466
129 186490
129 186752
129 186793
129 186871
129 186944
129 186953
129 187476
129 187622
129 187788
129 187870
129 187935
129 188293
129 188478
129 188536
129 188618
129 188746
129 188863
129 188939
129 188964
129 188997
129 189056
129 189215
129 189218
129 189322
129 189460
129 189592
129 189696
129 189783
129 189827
129 189903
129 190105
129 190241
129 190483
129 190502
129 190560
129 190931
129 191003
129 191027
129 191045
129 191074
129 191249
129 191254
129 191472
129 191503
129 191791
129 192046
129 192098
129 192373
129 192447
129 192510
129 192542
129 192746
129 192763
129 192795
129 192916
129 193014
129 193119
129 193225
129 193439
129 193510
129 193534
129 193589
129 193831
129 193873
129 193908
129 193982
129 193991
129 194077
129 194182
129 194184
129 194306
129 194359
129 194384
129 194507
129 194559
129 194729
129 194842
129 194852
129 194879
129 194889
129 194940
129 195174
129 195321
129 195441
129 195497
129 195533
129 195635
129 195683
129 195733
129 195934
129 195953
129 195994
129 196153
129 196174
129 196232
129 196410
129 196552
129 196603
129 196759
129 196815
129 196826
129 196832
129 196903
129 197060
129 197250
129 197499
129 197602
129 197610
129 197616
129 197852
129 197891
129 198152
129 198273
129 198324
129 198386
129 198432
129 198527
129 198633
129 198674
129 198720
129 198726
129 198733
129 198747
129 198792
129 198865
129 198904
129 199008
129 199051
129 199066
129 199114
129 199160
129 199223
129 199245
129 199321
129 199365
129 199467
129 199540
129 199684
129 199768
129 199799
129 199851
129 199870
129 199896
129 199942
129 200175
129 200180
129 200199
